21
9929
31337
23
4567
1723
53
25
5060
3389
110
5000
8081
143
111
10000
445
8000
135
81
139
7547
7676
587
8082
1025
30005
1024
1026
1027
1028
389
1863
1029
1050
20
4444
56789
30722
28960
29900
18067
29901
27374
5678
37
8594
1002
502
1089
1090
1091
1541
1883
2222
3480
4000
4592
5050
5052
5065
5450
10307
10311
10364
10407
10409
10412
10214
10428
10431
10447
10449
12316
12645
12647
13722
11001
12135
13724
13782
14592
18000
19999
20000
34962
34963
34964
34980
38589
38593
38000
38011
38014
38200
38210
38301
38400
38600
38700
38971
39129
39278
44818
45678
47808
50001
50018
50020
50025
50110
55000
55003
55550
56001
62900
62911
62924
62930
62938
62956
62963
62981
62985
62992
63012
63027
63041
63075
63079
63082
63088
63094
65443